2020 02-12 17:36 浙江杭州

上传以前刷过的leetcode的题目以及思考
以及现在或不久的刷题思路和代码

1
2
3
4
5
6
7
8
9
11
14
14-2
19
20
21
22
23
24
25
26
27
28
29
30
33
39
40
42
43
46
53
54
55
59
60
61
62
70
71
77
78
82
83
86
88
89
92
94
96
98
100
101
102
104
105
107
110
111
114
121
122
136
139
141
142
143
144
145
147
148
155
160
162
179
187
190
191
198
206
207
210
215
217
220
226
230
231
232
242
295
318
322
324
328
338
344
347
376
405
409
451
455
464
513
523
557
560
617
647
654
682
693
714
720
740
743
0808
0811
814
841
860
876
921
946
973
983
997
1139
1305
1308
